    ******  TRABALHO DE GRAFOS ******
 **** ANTES DE ACESSAR AS OPÇÕES **** 
Digite o nome do arquivo como no exemplo:

 **** EX: nome_do_arquivo.txt ****

Lendo o arquivo grafos.txt ... 
O arquivo grafos.txt foi lido com sucesso! 

Escolha uma das opções:
  1 -> Trocar arquivo:
  2 -> Quantas nos tem o Grafo:
  3 -> Quantas arestas tem o Grafo:
  4 -> Adiciona/Remove vertice:
  5 -> Adiciona/Remove aresta:
  6 -> Grau do nó:
  7 -> Verificar se é K-Regular:
  8 -> Verificar se é completo:
  9 -> Verificar se dois nós são adjacentes:
  10 -> Verificar se o grafo é conexo:
  11 -> Verifica se dois nós estão em uma mesma componente conexa:
  12 -> Verifica se um dado nó é de articulação:
  13 -> Verifica se uma dada aresta é ponte:
  14 ->Verificar quantas componentes conexa tem o grafos,
       qual é o tamanha da mior e menor compomente:
  15 ->Gerar informações sobre o grafo:
  o para sair:
[H[2JRemovendo Grafo ...
1000
794
3
731
426
552
464
949
321
669
449
688
6
783
590
162
19
969
798
124
965
344
634
118
501
210
825
184
931
18
718
487
687
457
795
340
960
549
732
90
453
85
937
367
695
331
268
841
179
91
89
510
398
524
437
92
572
138
846
221
723
380
543
74
621
547
953
73
942
800
61
997
178
673
652
623
355
674
448
326
113
780
5
653
728
47
667
121
459
169
100
349
152
754
160
839
319
229
870
297
860
771
983
902
962
686
39
757
628
856
127
668
352
402
187
748
38
32
638
357
700
678
967
890
995
782
706
923
918
313
541
137
987
868
956
57
40
729
481
979
406
581
393
765
24
670
651
919
966
307
475
368
374
232
768
114
108
801
208
589
35
633
75
906
382
658
577
803
615
847
151
972
274
936
812
998
855
332
392
389
476
188
785
469
489
388
564
194
288
328
264
696
132
941
861
512
305
727
115
514
622
504
404
103
922
422
261
599
15
891
755
920
478
990
697
616
249
375
105
66
9
897
447
704
601
146
984
809
685
255
233
968
131
540
899
752
609
292
11
17
608
935
477
529
212
509
200
483
117
454
879
807
558
438
372
635
101
595
511
947
745
247
83
786
98
450
361
985
893
135
973
833
203
525
427
192
610
397
963
716
68
908
273
260
818
730
842
600
907
173
603
37
237
399
236
827
309
932
717
777
817
951
63
491
411
961
710
324
747
435
290
954
660
320
80
423
583
41
1
680
593
655
641
909
410
516
384
327
234
832
517
460
130
797
238
420
844
262
174
112
772
852
546
503
354
551
96
171
702
864
519
52
213
624
588
157
149
235
316
155
737
445
784
559
565
836
760
330
530
663
750
166
862
531
303
270
494
125
816
345
467
336
799
562
94
999
350
791
934
87
84
978
386
523
482
535
369
207
866
830
921
751
882
405
722
534
892
646
977
172
139
605
1000
78
298
144
881
563
913
513
762
257
521
253
147
59
853
742
308
168
689
761
630
246
79
142
156
811
462
337
289
627
429
479
304
779
239
986
804
95
522
300
167
505
396
394
403
335
280
490
409
70
211
133
699
44
944
905
500
322
258
444
989
341
911
314
88
286
252
661
215
49
291
65
656
888
872
994
539
245
441
2
263
738
99
770
360
190
383
175
50
430
775
164
571
526
820
277
640
756
672
508
496
365
198
16
746
683
877
119
363
693
294
917
677
740
148
763
493
266
97
991
161
193
950
712
981
150
606
10
679
242
570
55
463
929
992
542
351
904
183
136
311
227
940
23
400
955
295
887
724
45
378
823
428
495
533
927
77
889
545
945
473
778
347
915
561
639
471
666
637
381
480
46
364
554
835
110
715
339
251
507
933
165
34
939
781
632
196
592
109
62
857
749
788
20
796
578
859
379
279
787
12
703
176
971
910
204
744
451
840
472
417
205
753
177
536
461
129
948
276
607
408
312
764
707
418
120
871
555
106
443
850
377
267
186
822
122
315
283
191
458
240
248
301
346
958
102
988
520
54
725
488
48
528
532
116
946
585
527
343
880
502
342
694
650
217
843
802
964
776
362
974
618
230
269
938
611
222
867
306
433
815
645
741
714
574
657
58
548
220
594
485
492
128
285
896
903
582
828
256
434
385
598
914
387
302
51
858
452
21
333
216
189
4
733
185
141
926
30
916
134
726
980
647
579
153
82
993
873
959
432
123
874
952
158
140
310
982
662
743
930
421
684
456
682
318
774
241
665
924
56
566
648
390
675
439
681
705
560
863
231
226
69
614
591
553
810
317
366
29
163
53
497
446
970
43
587
580
806
518
419
436
664
604
293
401
299
465
36
325
734
27
284
197
358
808
143
720
224
431
287
813
206
371
631
486
626
455
895
373
348
721
218
537
474
996
282
886
195
412
13
824
466
170
925
837
272
104
894
767
243
568
834
7
468
613
159
805
413
424
976
854
22
271
353
323
499
698
107
86
259
214
244
898
442
875
865
201
790
883
199
690
557
265
597
28
576
567
126
792
769
773
182
848
636
414
356
296
498
111
629
440
709
64
515
758
470
845
209
72
67
407
625
154
550
281
596
735
329
900
619
415
8
42
912
957
831
821
819
649
620
851
975
617
644
643
60
793
759
338
25
575
584
181
395
569
884
14
33
278
225
928
654
76
885
829
943
838
826
370
254
586
676
814
425
719
691
334
556
708
219
876
789
202
391
180
506
223
713
602
849
31
692
878
228
376
901
416
81
671
275
573
612
145
766
484
739
736
642
250
869
544
359
538
93
26
711
659
701
71
1000
Grafo removido!!
