Componentes Fortemente Conexas 
3459 
6677 
6848 744 
239 
555 
6247 
9493 
4236 3471 
2243 
257 
1441 
2829 944 730 
5172 1881 4819 4697 
7660 
9888 
3282 1178 
3460 
4734 
4966 
4248 2709 1756 2992 
2673 358 
3228 
3557 
154 
3364 
3687 
5848 
6185 
6259 
340 68 
1940 701 
5390 
5634 
1182 
5131 3591 3009 
3636 242 
1087 
6487 
2451 
3032 
1467 
2011 
1507 1328 
5158 
325 
883 
5199 
2209 
2221 
96 
3666 2994 
5550 
5724 
8207 
2531 
6969 
4326 
6200 
3246 3190 2830 
1546 
120 
396 
1522 
3385 
1139 
2991 2434 799 336 785 
3806 
5355 
3 
557 
1957 
942 
6331 6133 5196 
9616 
408 
1674 
2031 
4170 3044 
6696 
7248 
684 518 
1205 
4010 
5060 3539 
9304 
2680 
5461 
950 
1250 
4179 
2916 
2840 
5835 2089 
4556 4452 
290 6 
342 
1302 85 
2201 
3849 
2622 
7957 
5559 
9676 
4089 1038 
2689 2193 
6634 
8383 
648 
9 
870 
1795 1778 56 
3070 
5682 
2775 
2532 
2872 
8228 
4079 
6451 
1141 
1876 
964 
2248 
6502 4979 
8809 
2365 1808 
2856 
2955 
4726 
7 
1946 
5327 
258 
1816 1531 
7358 
1614 
2173 
8006 
1395 
2569 
804 
2475 364 
5036 
8912 
9730 
8452 6533 7585 
9055 
9712 
5827 
5957 
9661 
253 198 
3197 
514 
660 
1027 
4144 
4916 
7363 
8167 
8376 
3830 
5986 
9389 
9890 
1045 
1694 
6815 
7691 
8517 
919 
933 275 
1257 
1702 
1874 
4286 1368 
5308 
1155 
2426 
2778 
778 
8466 
8917 
1821 
165 
502 
724 
1158 
43 
454 
3572 
7140 
8270 
6993 
475 111 
521 
2311 
1022 
2437 
260 
1378 
4931 
13 
855 
3126 
5887 
6470 
8244 
8621 
8838 
860 503 
2185 
3586 
5846 
3890 
9026 
9440 
9572 
3946 
4306 
4763 
5152 
9548 
4991 1748 666 3534 
17 
4882 
5799 
2797 1411 
3653 
9804 
1930 
331 
685 
434 
4514 
4889 
5078 
5269 
2471 866 
3482 
302 
3537 
3791 
4058 
5019 
1217 
5828 
1534 1267 1 1151 
1982 
2923 
2807 
176 
5501 
6153 
2059 
2172 
7799 
5983 
3751 
4156 
993 
1784 836 
2319 
6817 
8815 
8958 
282 
1361 
616 
1649 
2102 
2980 
4614 
5774 
2629 
3046 
4164 
4821 
6672 
4130 3655 
8717 
9838 
7931 
8876 
6292 
9489 7622 6328 
9681 
2747 
4905 
286 
2264 
7542 
7832 
8920 
182 
2898 1726 
3297 
148 
373 
1133 72 
1535 
40 
1456 
2213 
2315 
3068 
3026 2659 
3529 
3797 
3928 
430 
1381 
1430 
400 
1183 
2300 
5513 
6785 
1144 
1332 
4952 
5935 
3991 
2438 
5567 1519 510 323 5167 
7406 
1387 
3091 
3987 
6891 
7101 
7192 
4172 
4237 
7748 
1336 451 625 
1461 
1498 
3476 
5692 
2713 
110 
2028 
4702 
7461 
5562 
6707 
158 
3554 
3885 
4604 
6137 
8122 
8528 
4327 
2113 
1057 
712 
1610 
1730 905 
3310 
2168 
3239 
3781 
4180 
6231 
8656 
255 
987 
5234 4064 579 931 
1086 
1709 
1715 
4155 
4047 
8901 
1444 
5697 
587 
2874 
3953 
5214 
5420 
5696 
5725 
7833 
2215 
4093 
8190 
8463 
4610 
4940 
9644 
9718 
9967 
1298 
1815 
3201 
3283 
1927 
618 
3005 
6897 
1754 
194 
1305 
2227 
2502 
2570 
4601 
3453 2091 
7177 
5098 
5290 
5989 
8460 
3568 
5146 
6283 
6661 
9912 
4594 
9267 
2826 
3670 
5190 
5929 
7967 
7999 
8485 
4625 
5360 
1134 
922 
4834 
5878 
6373 
1905 
2487 
6232 
7152 
8297 
8479 
2405 
8583 
60 
766 
4576 
279 
466 
614 
692 
1072 
1505 
873 
1085 
1660 
1701 
1123 
65 
774 
982 
2697 
5398 
6558 
7036 
8638 
9184 
6805 
8052 
7489 
1965 
2118 
3515 
4946 
6297 
8233 
6741 
88 
582 
630 
1033 
1871 
3177 
3367 2582 
4957 
6218 
7663 
9012 
9109 
605 
1194 
1211 
1622 
1941 
1964 389 
2049 
3112 
3735 
6121 
2455 
2519 
2655 
3058 
1153 
1752 
6473 
7838 
9046 
9182 
9586 
9591 
2409 476 1723 
2561 
3868 
4757 
4985 
6747 
3219 
3510 
3926 
5475 
6269 
3362 
6251 
7486 
2998 
4824 
2037 
2510 
4290 
2090 
2750 
5231 
5405 
4468 
5346 
5421 
5967 
8405 
2816 1065 
6756 
7403 
8887 8686 5578 
5836 
9096 
5746 
2036 
3436 
4380 
1711 
1801 
2110 1426 
2762 
3873 
6053 
3671 
4302 
4822 
8514 
5708 
5921 
10 
76 
1108 
1560 
1953 
4431 
5211 
5433 
5561 
5637 
5727 
6742 
7810 
8252 
8614 
109 
1632 
3880 
6932 
3862 
7862 
8760 
8342 
2528 
3827 
4808 
9128 
1040 
5288 
2027 
3782 
4222 
2375 
6161 
6256 
6463 
9048 
6225 
6420 
6436 
8978 
8980 
1021 
1583 
1846 
2186 
6840 
7149 
7616 
7952 
9314 
8126 
8924 
6442 6215 767 
7345 
773 377 
36 
4379 
4965 
5099 
6447 
6476 
8048 
9894 
2109 957 
6755 
2990 
5027 
2556 1312 783 
4738 
8306 
9297 
1530 
4496 49 
4784 
6020 
8203 
8051 
3811 
8020 
7788 
8108 
9466 
5649 
6466 
7219 
2959 
3955 
6019 
7390 
7905 
2940 
3486 
5442 
6850 
9254 
7165 
7520 
9225 
3526 24 491 
6371 
6825 
7093 
7373 
2125 
2175 
5875 
6216 
7718 
6291 
5731 
6640 
9926 
3334 
2302 
2317 
2387 
3212 
3783 
4415 
4438 
4484 
5938 
5940 
7540 
7918 
8847 
1168 
1369 
2179 
8100 7868 
8304 
9164 
9408 
6515 
7188 
8294 
5840 
6686 
8049 
2530 1741 
1962 
4537 
4977 
7214 
7934 
7759 
8254 
7053 
4806 
4963 
6089 
7595 
220 
1295 
4094 
5041 
9009 
8198 
9052 
469 
647 
1170 1089 
2533 
5508 
6872 
6578 
2131 
3877 
9501 
310 
834 
3821 
9853 
2900 
5352 
3600 
3936 
4742 
3403 
8092 
8813 
171 
577 
702 585 
1002 
1055 
1497 
1769 
1862 465 
9076 
9539 
995 
1870 
2289 
2382 
2511 
3114 
3116 
6189 
7974 
9794 
3494 
4088 
4212 
4260 
6883 
7195 
707 
1943 
2837 
6617 
7576 
7731 
9988 
2861 
2643 66 224 
4095 
6054 
8725 
6351 
7981 
9438 
4560 
4832 
4894 
1128 
3330 
4148 
4275 
4574 
4713 
5087 
6996 
9754 
1820 
1972 
2010 
2440 
4812 
4873 
6346 
7356 
9695 
1450 
2042 
6781 
8025 
2683 
4666 
6430 
7864 
8677 
9600 
7161 
7173 
7994 
3358 
3450 
3749 
5686 
3681 665 
4883 
7000 
7781 
2126 
5126 
5914 
6779 
7843 
7887 
9197 
5256 
5279 
5422 
5581 
6275 
6414 
7171 
8501 
9116 
9453 
9574 
8584 
9126 
9855 
900 
2444 
8569 
9158 
927 589 
1788 
2424 
6846 
7978 
2143 
2574 
4197 
5860 
8044 
268 
361 
483 
596 
1665 
2033 
2120 
8830 
9268 
2181 
2503 
2598 
3577 
3743 
3826 
4074 
4250 
4550 
4609 
6087 
8913 
9462 
5353 
5281 
5430 
6764 
6973 
5434 
5756 
6064 
6812 
7611 
296 
5215 
5917 
5931 
8893 
9317 
2947 
3513 
3714 
4140 
5254 2667 
5977 
7216 
7239 
8523 
8671 
7368 
9006 
9697 
7571 
2063 
5276 
6220 
9490 
4823 
4447 
7431 
8553 
7417 
7620 
8774 
9274 2147 1838 
3003 
3021 
2039 
3294 
3784 
5709 
5067 
5752 
7817 7684 3199 
265 
575 
6483 
7594 
5892 
6163 5574 
4120 
5803 
8447 
8648 
9242 
9945 
7995 
8215 
7281 
7796 
8587 
9042 
9979 
9373 
136 
3037 
3082 
5086 
5868 
6245 
9409 
9755 
9986 
818 
3617 
3947 
5504 
7909 
4720 
6869 
9187 
498 
1278 
4043 
5010 
5651 
6021 
6143 
6435 
3119 
3148 
4718 
5922 
6786 
2107 
3218 
4283 
6547 
9325 
686 
1255 
1480 
1499 
2896 
1562 
6276 
7722 
7811 
8783 
3240 
5379 
5397 
5642 
5700 
5898 
7079 
1464 
1738 
2442 
2764 
3984 
4082 
4344 
6198 
7204 
5130 
5345 
5469 
5792 
9740 
6117 
8362 
8973 
6165 
6426 
6810 
7084 
7111 
8147 
8968 
9138 
9631 
9825 
3432 
3481 
3650 
3700 
7556 
9634 
9846 
2646 2228 
4310 
6587 
8582 
8592 
9202 
9941 
966 
4264 
8873 
9620 
9692 
700 
2952 
478 
694 
1920 
2000 
3719 
5250 
6920 
6477 
7852 
8075 
9696 
5592 
6407 
7440 
9669 
9872 
4178 
5639 
1423 
2627 
3059 
3306 
3737 
3829 3618 
5468 
7276 
9248 
9354 
4663 
5163 
5598 
2630 
3685 
2877 
4270 
6044 
6285 
7062 
8516 
5437 4685 
8232 
9733 
8787 
9326 
9078 
9570 
1672 
2881 
3549 
4141 
7323 
9787 
9901 
6067 
6354 
6621 
6724 
7666 
9394 
9715 
547 
710 
1109 
1150 
1171 
1438 
2198 
1634 
3485 
3351 758 
6678 
6876 
7256 
7550 
9167 
9497 
7127 
3992 
6244 
9245 
5862 
6085 
3944 
4459 
3074 
3149 
3178 
3932 
4797 
8710 
9641 
9761 
9775 
3279 
3522 
9203 
9898 
3816 
3904 
3923 
4153 
4256 
4336 
4778 
6321 
6394 
7587 
7089 
738 
1094 
4752 
6514 
6590 
7026 
8646 
9569 
150 
341 
522 
1621 691 
2552 
4843 
6031 
6075 
6444 
6792 
6839 
7016 
7075 
7375 
7809 
1725 
6529 
7154 
8566 
9292 
4986 
7100 
5852 
1886 
1902 
2303 
2545 
2672 
2785 
3092 
3578 
3972 
4539 
5208 
9655 
9707 
9862 
9950 
9998 
5324 
5545 
5558 
5624 
6130 
6263 
6341 
6536 
6998 
7347 
7359 
7387 
7597 
7992 
8134 
8314 
8467 
8609 
9131 
9220 
9364 
9414 
9482 
9759 
4038 
4855 
5213 
5599 
1329 
4856 
7859 
1301 
2108 
2853 
3698 
3798 
3934 
1235 872 
2658 
4847 
7116 
7588 
7896 
9416 
2032 
6114 
6404 
6469 
8504 
8231 
4405 
6212 
8439 
9420 
9436 
2602 
4119 
7011 
8414 
5484 
6380 
7268 
5841 
4355 
4401 
9435 
4897 
5690 
6612 
6636 
7695 
9821 
4078 
7492 
7539 
8879 
9603 
6950 
9215 
9615 
6123 
9265 
8240 
8890 
1559 
2284 
2678 
3833 
117 
878 
1277 
1538 
2225 
5655 
6562 
1540 
3080 
3638 
3994 
4033 
4321 
4420 
4516 
5372 
4836 
5947 
6312 
6361 
6532 
6028 
6671 
6248 
4607 
4699 
8846 
5277 
6706 
8273 
9504 
7538 
6978 
8718 
7150 
7614 
8143 
8658 
8941 
9299 
9896 
6581 
7042 
7546 
8424 
8816 
8836 
8936 
9133 
9480 
9552 
9900 
5188 
5771 
6004 
6236 
7415 
7803 
7830 
8009 
7871 
8345 
8694 
9022 
9080 
8000 
8182 
8585 
8971 
8995 
9577 
1822 
1869 
2721 2517 
3338 
3574 
4001 
4634 
7015 
7615 
9606 
2745 
4226 
5641 
6802 
3127 
3175 
3293 
3852 
4117 
4428 
4677 
6689 
4645 
4716 
5396 
5843 
6623 
6740 3007 
6776 
6923 
7151 
7197 
7601 
7623 
7920 
8175 
8354 
8752 
9020 
9848 
2967 
2976 
3383 
4450 
6196 
7029 
3019 
3396 
3986 
3434 
4303 
5104 
3447 
8148 
8590 
5350 
5653 
8606 
8688 
8770 
9246 
9496 6589 
695 
1362 
2688 
3029 
5523 
5568 
5757 
5780 
7711 
8074 
8540 
3220 
3804 3208 
5174 
8708 
8719 
4462 
5090 
5626 
7789 
8305 
8841 
9960 
3851 
4146 
4425 
4914 
6022 
6166 
6989 
7115 
8172 
9112 
9599 
1034 
1258 
2559 
2970 
3001 
3379 
4404 
4238 
6658 
6703 
4437 
4783 
5085 
5245 
7230 
7435 
7482 
8797 
5365 
5760 
6012 
9070 
7031 
1357 
1474 
1580 
1605 
2373 
3596 
3605 
3612 
4261 
6446 
6868 
9598 
2066 
2251 
2469 
2661 
2945 
4497 
5470 
5570 
5755 
5859 
6282 
6327 
6548 
7244 
7337 
7577 
7913 
8994 
9327 
5870 
6395 
8716 
8763 
9139 
9729 
9908 
1563 
1977 
2240 
2292 1653 
2599 
3696 
4646 
4701 
4971 
8558 
2477 
2609 
2696 
4846 
5132 
5753 
7019 
7449 
2092 
3346 
3615 
3993 
4048 
4293 
6413 
7320 
9879 
4577 
5065 
5192 
5209 
5847 
5354 
6206 
7928 
8105 
9581 
8176 
8189 
8193 
8262 
8508 
8743 7077 
8794 
9922 1145 
9964 
5671 
8644 
6035 
7998 
8410 
9376 
3800 
5670 
6749 
3415 
4911 
5156 
6997 
7598 
7013 
8506 
9235 
6618 
7344 
8112 
8766 
2320 
2669 
7964 
9627 
6488 
8974 
9487 
8090 
8308 
8355 
8419 
8669 
8749 
8831 
9174 
9294 
9820 
9966 
7346 4348 3514 1979 1768 5402 
7628 

